4294967279,110
4294967279,112
4294967279,111
4294967278,137
4294967279,296
4294967279,137
4294967278,277
4294967279,290
4294967278,276
4294967279,275
4294967279,114
4294967279,113
4294967278,287
4294967279,134
4294967278,275
4294967278,133
4294967279,118
4294967279,117
4294967279,116
4294967279,115
4294967279,289
4294967278,279
4294967279,274
4294967278,341
4294967279,122
4294967279,121
4294967279,120
4294967279,119
4294967279,415
4294967278,286
4294967279,288
4294967278,285
4294967278,339
4294967279,414
4294967278,270
4294967279,269
4294967278,269
4294967279,126
4294967279,125
4294967279,124
4294967279,123
4294967279,268
4294967278,284
4294967279,286
4294967278,283
4294967279,130
4294967279,129
4294967279,128
4294967279,127
4294967279,413
4294967278,266
4294967278,265
4294967278,8
4294967278,7
4294967278,6
4294967278,5
4294967278,4
4294967279,132
4294967279,131
4294967279,284
4294967278,281
4294967279,264
4294967278,366
4294967279,434
4294967278,262
4294967278,20
4294967278,19
4294967278,18
4294967278,17
4294967278,16
4294967278,15
4294967278,14
4294967278,13
4294967278,12
4294967278,11
4294967278,10
4294967278,9
4294967279,282
4294967279,261
4294967279,259
4294967278,53
4294967278,52
4294967278,51
4294967278,50
4294967278,49
4294967278,48
4294967278,47
4294967278,46
4294967278,45
4294967278,44
4294967278,43
4294967278,42
4294967278,41
4294967278,40
4294967278,39
4294967278,38
4294967278,37
4294967278,36
4294967278,35
4294967278,34
4294967278,33
4294967278,32
4294967278,31
4294967278,30
4294967278,29
4294967278,28
4294967278,27
4294967278,26
4294967278,25
4294967278,24
4294967278,23
4294967278,22
4294967278,21
4294967279,69
4294967279,67
4294967279,65
4294967279,64
4294967279,63
4294967279,62
4294967294,175
4294967279,279
4294967279,412
4294967278,365
4294967278,337
4294967278,336
4294967278,335
4294967278,334
4294967278,254
4294967278,333
4294967294,1158
4294967294,1156
4294967294,1153
4294967294,1085
4294967294,1084
4294967294,1081
4294967294,1080
4294967294,1074
4294967294,1066
4294967294,401
4294967278,253
4294967278,252
53,6
53,5
4294967278,249
53,4
53,3
53,2
53,1
4294967278,248
4294967294,1087
4294967278,247
52,7
4294967278,245
52,6
52,5
4294967278,243
52,4
52,3
52,2
52,1
4294967278,241
4294967294,1424
4294967278,239
51,4
4294967278,238
51,3
51,2
51,1
4294967278,332
4294967294,1421
4294967278,237
4294967278,235
50,5
50,4
4294967278,233
50,3
50,2
50,1
4294967278,232
4294967294,1423
4294967294,437
4294967278,231
4294967278,229
49,5
49,4
4294967278,227
49,3
49,2
49,1
4294967278,226
4294967278,225
4294967278,223
48,5
48,4
4294967278,221
48,3
48,2
48,1
4294967278,220
4294967294,472
4294967278,219
4294967278,217
47,5
47,4
4294967278,215
47,3
47,2
47,1
4294967278,364
4294967294,38
4294967294,1420
4294967294,1082
4294967294,1155
4294967294,1068
4294967294,1157
4294967294,1079
4294967278,214
4294967278,213
46,4
46,3
46,2
46,1
4294967278,212
4294967278,211
45,4
4294967278,210
45,3
45,2
45,1
4294967278,331
4294967278,209
4294967278,207
4294967278,208
4294967278,363
4294967278,362
44,5
4294967278,206
44,4
4294967278,205
44,3
44,2
44,1
4294967278,361
4294967278,204
4294967279,433
4294967278,360
4294967294,396
4294967294,408
4294967294,399
4294967294,405
4294967294,385
4294967294,1244
4294967294,596
4294967294,413
4294967294,1078
4294967294,1243
4294967294,164
4294967294,465
4294967294,116
4294967294,468
4294967279,432
4294967278,359
4294967278,330
4294967294,389
4294967278,329
4294967278,199
4294967278,328
4294967279,61
4294967279,59
4294967279,56
4294967279,54
4294967279,52
4294967279,51
4294967279,50
4294967279,48
4294967279,46
4294967279,45
4294967279,42
4294967279,41
4294967278,197
43,4
43,3
43,2
43,1
4294967278,196
4294967278,194
42,5
4294967294,89
4294967278,192
42,4
42,3
42,2
42,1
4294967278,191
4294967278,318
4294967278,317
4294967278,188
4294967278,319
4294967278,316
4294967278,315
4294967294,80
4294967294,174
4294967294,388
4294967294,161
4294967294,398
4294967294,180
4294967278,185
4294967294,1154
4294967294,1152
4294967294,1077
4294967294,1076
4294967294,1075
4294967294,1073
4294967294,1071
4294967294,1069
4294967279,38
4294967279,37
4294967279,36
4294967279,34
4294967279,33
4294967279,32
4294967279,31
4294967279,26
4294967279,25
4294967279,24
4294967279,22
4294967279,20
4294967279,19
4294967279,17
4294967279,16
4294967279,14
4294967279,11
4294967278,182
41,4
4294967279,183
